InputID,TargetID,Distance
1,2,5
1,3,9.300533488
1,4,14.04257883
1,5,18.9179311
1,6,23.73286248
1,7,28.57071203
1,8,33.32246861
1,9,37.36905487
1,10,41.62337816
2,1,5
2,3,4.927485605
2,4,9.92558605
2,5,14.92495904
2,6,19.88730705
2,7,24.85171734
2,8,29.63499249
2,9,33.38114457
2,10,37.42150245
3,1,9.300533488
3,2,4.927485605
3,4,5
3,5,10
3,6,14.96994219
3,7,19.94507057
3,8,24.72743781
3,9,28.45521074
3,10,32.52617186
4,1,14.04257883
4,2,9.92558605
4,3,5
4,5,5
4,6,9.974479594
4,7,14.95855548
4,8,19.73848594
4,9,23.46853783
4,10,27.60320106
5,1,18.9179311
5,2,14.92495904
5,3,10
5,4,5
5,6,4.988117611
5,7,9.985535728
5,8,14.7570144
5,9,18.48906483
5,10,22.7139068
6,1,23.73286248
6,2,19.88730705
6,3,14.96994219
6,4,9.974479594
6,5,4.988117611
6,7,5
6,8,9.768987149
6,9,13.64555739
6,10,18.08229418
7,1,28.57071203
7,2,24.85171734
7,3,19.94507057
7,4,14.95855548
7,5,9.985535728
7,6,5
7,8,4.783279134
7,9,9.054675432
7,10,13.8236947
8,1,33.32246861
8,2,29.63499249
8,3,24.72743781
8,4,19.73848594
8,5,14.7570144
8,6,9.768987149
8,7,4.783279134
8,9,5
8,10,10
9,1,37.36905487
9,2,33.38114457
9,3,28.45521074
9,4,23.46853783
9,5,18.48906483
9,6,13.64555739
9,7,9.054675432
9,8,5
9,10,5
10,1,41.62337816
10,2,37.42150245
10,3,32.52617186
10,4,27.60320106
10,5,22.7139068
10,6,18.08229418
10,7,13.8236947
10,8,10
10,9,5
11,12,43.98543703
11,13,65.0666253
11,14,70.78709205
11,16,104.9720344
11,15,97.07027525
11,17,116.4220112
11,18,126.3908788
11,19,161.1146241
11,20,160.0517033
11,21,164.7532662
12,11,43.98543703
12,13,28.26819998
12,14,44.77173135
12,16,93.61388124
12,15,73.32234282
12,17,86.86690771
12,18,88.49841003
12,19,119.9777058
12,20,126.6734559
12,21,137.8380438
13,11,65.0666253
13,12,28.26819998
13,14,65.81099544
13,16,116.8617455
13,15,92.09238538
13,17,100.4010044
13,18,92.91436442
13,19,116.9516257
13,20,134.3361047
13,21,150.7663266
14,11,70.78709205
14,12,44.77173135
14,13,65.81099544
14,16,51.17655391
14,15,28.74328
14,17,45.7102167
14,18,59.29264753
14,19,97.45903963
14,20,89.36579977
14,21,95.30374754
15,11,97.07027525
15,12,73.32234282
15,13,92.09238538
15,14,28.74328
15,16,31.67109105
15,17,22.6948278
15,18,49.19563289
15,19,87.78764505
15,20,66.86566925
15,21,67.68876897
16,11,104.9720344
16,12,93.61388124
16,13,116.8617455
16,14,51.17655391
16,15,31.67109105
16,17,47.13349082
16,18,78.03532921
16,19,114.7429418
16,20,83.16026691
16,21,71.40332943
17,11,116.4220112
17,12,86.86690771
17,13,100.4010044
17,14,45.7102167
17,16,47.13349082
17,15,22.6948278
17,18,31.50195699
17,19,67.67990676
17,20,44.62966868
17,21,51.04206524
18,11,126.3908788
18,12,88.49841003
18,13,92.91436442
18,14,59.29264753
18,16,78.03532921
18,15,49.19563289
18,17,31.50195699
18,19,39.11606649
18,20,42.11055786
18,21,64.98789757
19,11,161.1146241
19,12,119.9777058
19,13,116.9516257
19,14,97.45903963
19,16,114.7429418
19,15,87.78764505
19,17,67.67990676
19,18,39.11606649
19,20,48.70842663
19,21,79.41050092
20,11,160.0517033
20,12,126.6734559
20,13,134.3361047
20,14,89.36579977
20,16,83.16026691
20,15,66.86566925
20,17,44.62966868
20,18,42.11055786
20,19,48.70842663
20,21,30.75029183
21,11,164.7532662
21,12,137.8380438
21,13,150.7663266
21,14,95.30374754
21,16,71.40332943
21,15,67.68876897
21,17,51.04206524
21,18,64.98789757
21,19,79.41050092
21,20,30.75029183
22,23,5
22,24,10
22,25,14.99447504
22,26,19.97323606
22,27,23.51668449
22,28,25.67254732
22,29,28.55039269
22,30,57.2837588
22,31,80.37947422
22,32,99.85155472
22,33,113.8316709
22,34,123.7797492
22,35,133.605285
22,36,143.2701906
22,37,169.5469116
22,38,173.3927118
22,39,178.0322297
22,40,183.0318075
22,41,193.0310288
23,22,5
23,24,5
23,25,9.994654362
23,26,14.97698162
23,27,18.52224287
23,28,20.82944928
23,29,23.9720344
23,30,53.00428353
23,31,76.21150739
23,32,95.66656731
23,33,109.7131756
23,34,119.6831575
23,35,129.4957675
23,36,139.1057311
23,37,165.3313974
23,38,169.2281689
23,39,173.8842409
23,40,178.8842233
23,41,188.8841909
24,22,10
24,23,5
24,25,4.995192669
24,26,9.984477855
24,27,13.53190721
24,28,16.08266858
24,29,19.60081489
24,30,48.86183708
24,31,72.14934401
24,32,91.56337271
24,33,105.670774
24,34,115.6576417
24,35,125.4509284
24,36,134.9980049
24,37,161.160748
24,38,165.1100051
24,39,169.7821653
24,40,174.7812579
24,41,184.7795904
25,22,14.99447504
25,23,9.994654362
25,24,4.995192669
25,26,5
25,27,8.571248421
25,28,11.6085557
25,29,15.6860075
25,30,44.96476933
25,31,68.28218529
25,32,87.62149065
25,33,101.7827571
25,34,111.7802679
25,35,121.5458283
25,36,131.0189514
25,37,157.1028189
25,38,161.1075833
25,39,165.7956265
25,40,170.7922558
25,41,180.7860736
26,22,19.97323606
26,23,14.97698162
26,24,9.984477855
26,25,5
26,27,3.901610885
26,28,8.169873589
26,29,12.97193515
26,30,41.64577442
26,31,64.90099484
26,32,84.10881049
26,33,98.31535547
26,34,108.3146315
26,35,118.0386597
26,36,127.41747
26,37,153.394203
26,38,157.462539
26,39,162.1672224
26,40,167.1589953
26,41,177.1439333
27,22,23.51668449
27,23,18.52224287
27,24,13.53190721
27,25,8.571248421
27,26,3.901610885
27,28,5
27,29,10
27,30,37.98703483
27,31,61.19100653
27,32,80.34656951
27,33,94.56271852
27,34,104.5601776
27,35,114.2699756
27,36,123.6210506
27,37,149.5685419
27,38,153.6520122
27,39,158.3605638
27,40,163.3507671
27,41,173.3328677
28,22,25.67254732
28,23,20.82944928
28,24,16.08266858
28,25,11.6085557
28,26,8.169873589
28,27,5
28,29,5
28,30,33.55816591
28,31,56.85064751
28,32,76.12556851
28,33,90.31197146
28,34,100.3118684
28,35,110.0577787
28,36,119.4898844
28,37,145.5373896
28,38,149.5637789
28,39,154.2583087
28,40,159.2533404
28,41,169.244284
29,22,28.55039269
29,23,23.9720344
29,24,19.60081489
29,25,15.6860075
29,26,12.97193515
29,27,10
29,28,5
29,30,29.31358359
29,31,52.62749248
29,32,72.0043966
29,33,86.14172419
29,34,96.13589935
29,35,105.9141254
29,36,115.4274699
29,37,141.5680572
29,38,145.5324949
29,39,150.2104639
29,40,155.2088262
29,41,165.2058482
30,22,57.2837588
30,23,53.00428353
30,24,48.86183708
30,25,44.96476933
30,26,41.64577442
30,27,37.98703483
30,28,33.55816591
30,29,29.31358359
30,31,23.31760219
30,32,42.70161556
30,33,56.82814165
30,34,66.82264784
30,35,76.60142849
30,36,86.1372455
30,37,112.3298737
30,38,116.2523068
30,39,120.921342
30,40,125.9206372
30,41,135.9193833
31,22,80.37947422
31,23,76.21150739
31,24,72.14934401
31,25,68.28218529
31,26,64.90099484
31,27,61.19100653
31,28,56.85064751
31,29,52.62749248
31,30,23.31760219
31,32,19.47350519
31,33,33.52147269
31,34,43.51093758
31,35,53.30206829
31,36,62.89804976
31,37,89.1723468
31,38,93.02168812
31,39,97.67322976
31,40,102.673229
31,41,112.6732276
32,22,99.85155472
32,23,95.66656731
32,24,91.56337271
32,25,87.62149065
32,26,84.10881049
32,27,80.34656951
32,28,76.12556851
32,29,72.0043966
32,30,42.70161556
32,31,19.47350519
32,33,14.23487613
32,34,24.22007773
32,35,33.93268738
32,36,43.44071877
32,37,69.69888011
32,38,73.56181996
32,39,78.22321561
32,40,83.22290372
32,41,93.22238031
33,22,113.8316709
33,23,109.7131756
33,24,105.670774
33,25,101.7827571
33,26,98.31535547
33,27,94.56271852
33,28,90.31197146
33,29,86.14172419
33,30,56.82814165
33,31,33.52147269
33,32,14.23487613
33,34,10
33,35,19.78316998
33,36,29.48947409
33,37,55.87647743
33,38,59.58449262
33,39,64.20587095
33,40,69.20459427
33,41,79.20252443
34,22,123.7797492
34,23,119.6831575
34,24,115.6576417
34,25,111.7802679
34,26,108.3146315
34,27,104.5601776
34,28,100.3118684
34,29,96.13589935
34,30,66.82264784
34,31,43.51093758
34,32,24.22007773
34,33,10
34,35,9.836365761
34,36,19.71222624
34,37,46.11644641
34,38,49.7035281
34,39,54.29443322
34,40,59.28959975
34,41,69.28202479
35,22,133.605285
35,23,129.4957675
35,24,125.4509284
35,25,121.5458283
35,26,118.0386597
35,27,114.2699756
35,28,110.0577787
35,29,105.9141254
35,30,76.60142849
35,31,53.30206829
35,32,33.93268738
35,33,19.78316998
35,34,9.836365761
35,36,10
35,37,36.33699143
35,38,39.87032575
35,39,44.45808294
35,40,49.45341103
35,41,59.44642387
36,22,143.2701906
36,23,139.1057311
36,24,134.9980049
36,25,131.0189514
36,26,127.41747
36,27,123.6210506
36,28,119.4898844
36,29,115.4274699
36,30,86.1372455
36,31,62.89804976
36,32,43.44071877
36,33,29.48947409
36,34,19.71222624
36,35,10
36,37,26.40941982
36,38,30.12367212
36,39,34.78416604
36,40,39.78339174
36,41,49.78230972
37,22,169.5469116
37,23,165.3313974
37,24,161.160748
37,25,157.1028189
37,26,153.394203
37,27,149.5685419
37,28,145.5373896
37,29,141.5680572
37,30,112.3298737
37,31,89.1723468
37,32,69.69888011
37,33,55.87647743
37,34,46.11644641
37,35,36.33699143
37,36,26.40941982
37,38,5
37,39,9.511253861
37,40,14.19086687
37,41,23.94189231
38,22,173.3927118
38,23,169.2281689
38,24,165.1100051
38,25,161.1075833
38,26,157.462539
38,27,153.6520122
38,28,149.5637789
38,29,145.5324949
38,30,116.2523068
38,31,93.02168812
38,32,73.56181996
38,33,59.58449262
38,34,49.7035281
38,35,39.87032575
38,36,30.12367212
38,37,5
38,39,4.761565195
38,40,9.70747938
38,41,19.68147508
39,22,178.0322297
39,23,173.8842409
39,24,169.7821653
39,25,165.7956265
39,26,162.1672224
39,27,158.3605638
39,28,154.2583087
39,29,150.2104639
39,30,120.921342
39,31,97.67322976
39,32,78.22321561
39,33,64.20587095
39,34,54.29443322
39,35,44.45808294
39,36,34.78416604
39,37,9.511253861
39,38,4.761565195
39,40,5
39,41,15
40,22,183.0318075
40,23,178.8842233
40,24,174.7812579
40,25,170.7922558
40,26,167.1589953
40,27,163.3507671
40,28,159.2533404
40,29,155.2088262
40,30,125.9206372
40,31,102.673229
40,32,83.22290372
40,33,69.20459427
40,34,59.28959975
40,35,49.45341103
40,36,39.78339174
40,37,14.19086687
40,38,9.70747938
40,39,5
40,41,10
41,22,193.0310288
41,23,188.8841909
41,24,184.7795904
41,25,180.7860736
41,26,177.1439333
41,27,173.3328677
41,28,169.244284
41,29,165.2058482
41,30,135.9193833
41,31,112.6732276
41,32,93.22238031
41,33,79.20252443
41,34,69.28202479
41,35,59.44642387
41,36,49.78230972
41,37,23.94189231
41,38,19.68147508
41,39,15
41,40,10
42,47,23.46911387
42,46,18.96364393
42,45,14.77972517
42,44,10
42,43,5
42,48,25.82412824
42,49,30.24732265
42,50,34.82693577
42,51,39.53333862
42,52,44.40670894
42,53,49.30544326
42,54,55.68596875
42,55,75.47857807
42,56,85.27603259
42,59,89.32942198
42,58,95.61610365
42,57,90.61178317
42,60,90.33335589
42,61,89.64579514
43,47,18.76812417
43,46,14.10709882
43,45,9.786622986
43,44,5
43,42,5
43,48,20.82670775
43,49,25.28501925
43,50,29.91509053
43,51,34.65709616
43,52,39.49947974
43,53,44.37683501
43,54,50.69033485
43,55,70.49754052
43,56,80.27831213
43,59,84.47746532
43,58,90.66147097
43,57,85.61544346
43,60,85.40858209
43,61,84.66671251
44,47,14.27184865
44,46,9.402163757
44,45,4.807879242
44,43,5
44,42,10
44,48,15.83091634
44,49,20.34118654
44,50,25.03816742
44,51,29.82186724
44,52,34.61880992
44,53,39.46619104
44,54,45.69565602
44,55,65.51939172
44,56,75.28089441
44,59,79.64382377
44,58,85.71210743
44,57,80.61955761
44,60,80.49308419
44,61,79.69024926
45,47,10
45,46,5
45,44,4.807879242
45,43,9.786622986
45,42,14.77972517
45,48,11.04773731
45,49,15.53731392
45,50,20.26730736
45,51,25.07511086
45,52,29.84013865
45,53,34.67140846
45,54,40.90632618
45,55,60.71463598
45,56,70.54266174
45,59,75.2354407
45,58,81.09989626
45,57,75.88842782
45,60,75.94664106
45,61,75.0190733
46,47,5
46,45,5
46,44,9.402163757
46,43,14.10709882
46,42,18.96364393
46,48,7.90395323
46,49,11.50665718
46,50,15.88501943
46,51,20.56977227
46,52,25.453097
46,53,30.37440967
46,54,37.1182229
46,55,56.7036691
46,56,66.98352536
46,59,72.65796663
46,58,77.97707563
46,57,72.35299536
46,60,73.02107989
46,61,71.71612282
47,46,5
47,45,10
47,44,14.27184865
47,43,18.76812417
47,42,23.46911387
47,48,7.272719831
47,49,8.567274672
47,50,11.9959967
47,51,16.35450635
47,52,21.33744173
47,53,26.32684868
47,54,33.64814143
47,55,52.86156598
47,56,63.61853671
47,59,70.3419412
47,58,75.05768097
47,57,68.99897389
47,60,70.32968027
47,61,68.61882529
48,47,7.272719831
48,46,7.90395323
48,45,11.04773731
48,44,15.83091634
48,43,20.82670775
48,42,25.82412824
48,49,5
48,50,10
48,51,14.85961779
48,52,19.28980266
48,53,23.94545327
48,54,29.86476805
48,55,49.71451029
48,56,59.51447083
48,59,64.76972367
48,58,70.2429654
48,57,64.86634366
48,60,65.20969434
48,61,64.07241425
49,47,8.567274672
49,46,11.50665718
49,45,15.53731392
49,44,20.34118654
49,43,25.28501925
49,42,30.24732265
49,48,5
49,50,5
49,51,9.86372064
49,52,14.38680171
49,53,19.14855456
49,54,25.61158838
49,55,45.25117778
49,56,55.49577739
49,59,61.7833531
49,58,66.66160074
49,57,60.86869421
49,60,61.84537725
49,61,60.31238211
50,47,11.9959967
50,46,15.88501943
50,45,20.26730736
50,44,25.03816742
50,43,29.91509053
50,42,34.82693577
50,48,10
50,49,5
50,51,4.876241257
50,52,9.584552154
50,53,14.48963599
50,54,21.67954215
50,55,40.91216992
50,56,51.64872096
50,59,59.06985979
50,58,63.27293133
50,57,57.02940758
50,60,58.71453942
50,61,56.74409754
51,47,16.35450635
51,46,20.56977227
51,45,25.07511086
51,44,29.82186724
51,43,34.65709616
51,42,39.53333862
51,48,14.85961779
51,49,9.86372064
51,50,4.876241257
51,52,5
51,53,10
51,54,17.98236375
51,55,36.58033408
51,56,47.77188856
51,59,56.29704288
51,58,59.81183887
51,57,53.14305822
51,60,55.52599376
51,61,53.12693174
52,47,21.33744173
52,46,25.453097
52,45,29.84013865
52,44,34.61880992
52,43,39.49947974
52,42,44.40670894
52,48,19.28980266
52,49,14.38680171
52,50,9.584552154
52,51,5
52,53,5
52,54,13.30282331
52,55,31.58143195
52,56,42.87732331
52,59,52.00079486
52,58,55.09255899
52,57,48.24061068
52,60,50.96538841
52,61,48.33838676
53,47,26.32684868
53,46,30.37440967
53,45,34.67140846
53,44,39.46619104
53,43,44.37683501
53,42,49.30544326
53,48,23.94545327
53,49,19.14855456
53,50,14.48963599
53,51,10
53,52,5
53,54,8.9757902
53,55,26.58294278
53,56,38.01021406
53,59,47.84149136
53,58,50.42741361
53,57,43.36044743
53,60,46.49522178
53,61,43.59734387
54,47,33.64814143
54,46,37.1182229
54,45,40.90632618
54,44,45.69565602
54,43,50.69033485
54,42,55.68596875
54,48,29.86476805
54,49,25.61158838
54,50,21.67954215
54,51,17.98236375
54,52,13.30282331
54,53,8.9757902
54,55,20
54,56,29.97139504
54,59,38.87218342
54,58,41.83248569
54,57,35.35205956
54,60,37.66646815
54,61,35.15621946
55,47,52.86156598
55,46,56.7036691
55,45,60.71463598
55,44,65.51939172
55,43,70.49754052
55,42,75.47857807
55,48,49.71451029
55,49,45.25117778
55,50,40.91216992
55,51,36.58033408
55,52,31.58143195
55,53,26.58294278
55,54,20
55,56,13.37158227
55,59,29.69615958
55,58,27.18818204
55,57,18.15654129
55,60,25.58999383
55,61,20.07394862
56,47,63.61853671
56,46,66.98352536
56,45,70.54266174
56,44,75.28089441
56,43,80.27831213
56,42,85.27603259
56,48,59.51447083
56,49,55.49577739
56,50,51.64872096
56,51,47.77188856
56,52,42.87732331
56,53,38.01021406
56,54,29.97139504
56,55,13.37158227
56,59,18.55200805
56,58,13.84185134
56,57,5.380712798
56,60,13.24075597
56,61,6.801426408
57,47,68.99897389
57,46,72.35299536
57,45,75.88842782
57,44,80.61955761
57,43,85.61544346
57,42,90.61178317
57,48,64.86634366
57,49,60.86869421
57,50,57.02940758
57,51,53.14305822
57,52,48.24061068
57,53,43.36044743
57,54,35.35205956
57,55,18.15654129
57,56,5.380712798
57,59,18.00054424
57,58,10.08130487
57,60,11.90436458
57,61,4.760161024
58,47,75.05768097
58,46,77.97707563
58,45,81.09989626
58,44,85.71210743
58,43,90.66147097
58,42,95.61610365
58,48,70.2429654
58,49,66.66160074
58,50,63.27293133
58,51,59.81183887
58,52,55.09255899
58,53,50.42741361
58,54,41.83248569
58,55,27.18818204
58,56,13.84185134
58,59,11.62422082
58,57,10.08130487
58,60,6.332931021
58,61,7.14167741
59,47,70.3419412
59,46,72.65796663
59,45,75.2354407
59,44,79.64382377
59,43,84.47746532
59,42,89.32942198
59,48,64.76972367
59,49,61.7833531
59,50,59.06985979
59,51,56.29704288
59,52,52.00079486
59,53,47.84149136
59,54,38.87218342
59,55,29.69615958
59,56,18.55200805
59,58,11.62422082
59,57,18.00054424
59,60,6.212419682
59,61,13.25173386
60,47,70.32968027
60,46,73.02107989
60,45,75.94664106
60,44,80.49308419
60,43,85.40858209
60,42,90.33335589
60,48,65.20969434
60,49,61.84537725
60,50,58.71453942
60,51,55.52599376
60,52,50.96538841
60,53,46.49522178
60,54,37.66646815
60,55,25.58999383
60,56,13.24075597
60,59,6.212419682
60,58,6.332931021
60,57,11.90436458
60,61,7.22247233
61,47,68.61882529
61,46,71.71612282
61,45,75.0190733
61,44,79.69024926
61,43,84.66671251
61,42,89.64579514
61,48,64.07241425
61,49,60.31238211
61,50,56.74409754
61,51,53.12693174
61,52,48.33838676
61,53,43.59734387
61,54,35.15621946
61,55,20.07394862
61,56,6.801426408
61,59,13.25173386
61,58,7.14167741
61,57,4.760161024
61,60,7.22247233
62,63,5
62,64,10
62,65,15
62,66,19.70400778
63,62,5
63,64,5
63,65,10
63,66,14.70400929
64,62,10
64,63,5
64,65,5
64,66,9.704012348
65,62,15
65,63,10
65,64,5
65,66,4.704021924
66,62,19.70400778
66,63,14.70400929
66,64,9.704012348
66,65,4.704021924
67,68,4.978840986
67,69,15.57589514
67,71,47.27178599
67,70,30.69599004
67,72,65.38855585
67,73,86.0682632
68,67,4.978840986
68,69,16.36318364
68,71,47.24349938
68,70,31.86994579
68,72,66.12665366
68,73,89.28165518
69,67,15.57589514
69,68,16.36318364
69,71,31.738606
69,70,15.50694065
69,72,49.93372962
69,73,74.57287403
70,67,30.69599004
70,68,31.86994579
70,69,15.50694065
70,71,18.53654364
70,72,34.76091597
70,73,61.35114771
71,67,47.27178599
71,68,47.24349938
71,69,31.738606
71,70,18.53654364
71,72,20.41892554
71,73,60.18777182
72,67,65.38855585
72,68,66.12665366
72,69,49.93372962
72,71,20.41892554
72,70,34.76091597
72,73,46.87880827
73,67,86.0682632
73,68,89.28165518
73,69,74.57287403
73,71,60.18777182
73,70,61.35114771
73,72,46.87880827
74,75,5
74,76,10
74,77,11.5844402
74,78,14.04323611
74,79,18.3615499
74,84,32.93493592
74,83,31.29908218
74,82,31.88508107
74,81,30.37761482
74,80,29.93491346
74,89,63.79515132
74,88,53.57237583
74,87,47.30595492
74,86,42.752499
74,85,40.38013952
74,93,84.37323213
74,92,74.16146265
74,91,82.21926093
74,90,74.64491225
74,98,94.53924013
74,97,99.03341467
74,96,100.494992
74,95,99.06288603
74,94,96.12789623
74,102,119.9049106
74,101,114.6954537
74,100,109.9956775
74,99,105.6859461
75,74,5
75,76,5
75,77,10.1233783
75,78,10.7833078
75,79,14.80536261
75,84,28.65527898
75,83,26.41085169
75,82,26.92391625
75,81,25.5901924
75,80,25.48080154
75,89,59.38556506
75,88,49.27795076
75,87,42.65962439
75,86,37.82490916
75,85,35.49169821
75,93,79.42799694
75,92,69.2428113
75,91,77.60269743
75,90,70.38302644
75,98,89.54644661
75,97,94.08836557
75,96,95.65003543
75,95,94.27765044
75,94,91.40904161
75,102,115.1737995
75,101,109.8576336
75,100,105.0722736
75,99,100.7060396
76,74,10
76,75,5
76,77,10.98937312
76,78,9.238342588
76,79,12.29841491
76,84,24.64832698
76,83,21.57391082
76,82,21.98035799
76,81,20.90254559
76,80,21.27071814
76,89,55.07694022
76,88,45.129075
76,87,38.10293604
76,86,32.91916364
76,85,30.63928225
76,93,74.49007381
76,92,64.33670253
76,91,73.03663758
76,90,66.22445091
76,98,84.55450476
76,97,89.14944673
76,96,90.82188685
76,95,89.51589442
76,94,86.72170052
76,102,110.4663777
76,101,105.0350048
76,100,100.156459
76,99,95.72822791
77,74,11.5844402
77,75,10.1233783
77,76,10.98937312
77,78,5
77,79,8.739764319
77,84,34.8165542
77,83,29.79236
77,82,26.79402542
77,81,23.71219462
77,80,21.64870221
77,89,54.52941463
77,88,44.08360767
77,87,39.17078748
77,86,36.68075784
77,85,38.42288011
77,93,77.85714234
77,92,67.42094611
77,91,73.54734992
77,90,64.89208429
77,98,88.88860147
77,97,92.42217246
77,96,92.93928979
77,95,91.12521234
77,94,87.84381963
77,102,118.2771313
77,101,112.2563289
77,100,106.6887143
77,99,101.4699121
78,74,14.04323611
78,75,10.7833078
78,76,9.238342588
78,77,5
78,79,4.360451268
78,84,31.03471408
78,83,25.25178358
78,82,21.80743694
78,81,18.73798275
78,80,16.91815704
78,89,50.28282128
78,88,39.91747697
78,87,34.50447133
78,86,31.70298887
78,85,33.69893097
78,93,72.96650121
78,92,62.5491264
78,91,69.10464802
78,90,60.89185888
78,98,83.92616936
78,97,87.55229779
78,96,88.22370309
78,95,86.49245215
78,94,83.29769027
78,102,113.4287729
78,101,107.3338643
78,100,101.7131173
78,99,96.47046432
79,74,18.3615499
79,75,14.80536261
79,76,12.29841491
79,77,8.739764319
79,78,4.360451268
79,84,31.02596497
79,83,24.04376989
79,82,19.08402319
79,81,15.39857408
79,80,12.92780266
79,89,45.97767593
79,88,35.58910092
79,87,30.43107068
79,86,28.30434588
79,85,31.92374428
79,93,69.21104087
79,92,58.75628537
79,91,64.87882661
79,90,56.54180451
79,98,80.38565632
79,97,83.7499752
79,96,84.20010818
79,95,82.39115302
79,94,79.13245581
79,102,111.0829158
79,101,104.7305122
79,100,98.84086661
79,99,93.32566471
80,74,29.93491346
80,75,25.48080154
80,76,21.27071814
80,77,21.64870221
80,78,16.91815704
80,79,12.92780266
80,84,28.45840736
80,83,18.91371205
80,82,9.963958326
80,81,4.968091823
80,89,33.90513258
80,88,23.85965381
80,87,17.59162452
80,86,16.07429148
80,85,23.95283446
80,93,56.3226169
80,92,45.85401258
80,91,52.34274559
80,90,44.96071702
80,98,67.65558187
80,97,70.83811375
80,96,71.31289938
80,95,69.57923284
80,94,66.42713129
80,102,100.2209156
80,101,93.38259404
80,100,87.02123668
80,99,81.07793805
81,74,30.37761482
81,75,25.5901924
81,76,20.90254559
81,77,23.71219462
81,78,18.73798275
81,79,15.39857408
81,84,23.91588275
81,83,14.15578
81,82,5
81,80,4.968091823
81,89,34.60137124
81,88,25.20968204
81,87,17.27197625
81,86,12.96879059
81,85,19.01957642
81,93,54.35991153
81,92,44.00759148
81,91,52.15587902
81,90,46.01585719
81,98,65.18989728
81,97,68.9874924
81,96,70.13036184
81,95,68.69306785
81,94,65.83108714
81,102,96.17063514
81,101,89.56933933
81,100,83.50513346
81,99,77.92722602
82,74,31.88508107
82,75,26.92391625
82,76,21.98035799
82,77,26.79402542
82,78,21.80743694
82,79,19.08402319
82,84,19.71809857
82,83,9.736691104
82,81,5
82,80,9.963958326
82,89,35.7142148
82,88,27.17286566
82,87,18.08345541
82,86,10.99717075
82,85,14.03885596
82,93,52.50992317
82,92,42.37664851
82,91,52.15737413
82,90,47.30916396
82,98,62.74740689
82,97,67.16957879
82,96,68.99631831
82,95,67.86962584
82,94,65.31889323
82,102,92.01436433
82,101,85.66075532
82,100,79.91124071
82,99,74.72430552
83,74,31.29908218
83,75,26.41085169
83,76,21.57391082
83,77,29.79236
83,78,25.25178358
83,79,24.04376989
83,84,10
83,82,9.736691104
83,81,14.15578
83,80,18.91371205
83,89,43.70818111
83,88,36.07325063
83,87,26.40240433
83,86,17.25088468
83,85,9.082105971
83,93,55.81897177
83,92,46.36095908
83,91,58.5248834
83,90,55.31490518
83,98,64.64001231
83,97,70.28969851
83,96,73.35768654
83,95,72.77216733
83,94,70.75200277
83,102,88.95327563
83,101,83.46261721
83,100,78.70824185
83,99,74.63976894
84,74,32.93493592
84,75,28.65527898
84,76,24.64832698
84,77,34.8165542
84,78,31.03471408
84,79,31.02596497
84,83,10
84,82,19.71809857
84,81,23.91588275
84,80,28.45840736
84,89,52.8776107
84,88,45.78441181
84,87,35.94855262
84,86,26.32426492
84,85,13.33703503
84,93,61.38013468
84,92,52.70558997
84,91,66.4499384
84,90,64.40328272
84,98,68.77539612
84,97,75.42613125
84,96,79.52173396
84,95,79.39388327
84,94,77.82630337
84,102,87.7020333
84,101,83.21822161
84,100,79.58005427
84,99,76.70997014
85,74,40.38013952
85,75,35.49169821
85,76,30.63928225
85,77,38.42288011
85,78,33.69893097
85,79,31.92374428
85,84,13.33703503
85,83,9.082105971
85,82,14.03885596
85,81,19.01957642
85,80,23.95283446
85,89,40.77946404
85,88,34.98243657
85,87,24.99112935
85,86,15
85,93,48.26826343
85,92,39.39955086
85,91,53.27651327
85,90,52.08795477
85,98,56.31563831
85,97,62.49496791
85,96,66.27681322
85,95,66.07692556
85,94,64.49013066
85,102,79.99402154
85,101,74.39826493
85,100,69.63871675
85,99,65.70440503
86,74,42.752499
86,75,37.82490916
86,76,32.91916364
86,77,36.68075784
86,78,31.70298887
86,79,28.30434588
86,84,26.32426492
86,83,17.25088468
86,82,10.99717075
86,81,12.96879059
86,80,16.07429148
86,89,26.57026674
86,88,19.99308378
86,87,9.995009064
86,85,15
86,93,41.63248943
86,92,31.41927941
86,91,41.59800519
86,90,38.13728676
86,98,52.2387981
86,97,56.29002296
86,96,57.99981492
86,95,56.90888172
86,94,54.44936184
86,102,84.40613994
86,101,77.38602505
86,100,70.94709942
86,99,65.08805864
87,74,47.30595492
87,75,42.65962439
87,76,38.10293604
87,77,39.17078748
87,78,34.50447133
87,79,30.43107068
87,84,35.94855262
87,83,26.40240433
87,82,18.08345541
87,81,17.27197625
87,80,17.59162452
87,89,17.63197865
87,88,10
87,86,9.995009064
87,85,24.99112935
87,93,39.46097761
87,92,28.97410395
87,91,34.94533185
87,90,29.22768173
87,98,51.44639357
87,97,53.74876817
87,96,53.77504082
87,95,51.98839112
87,94,48.86415247
87,102,88.3227072
87,101,80.54259569
87,100,73.18234966
87,99,66.22570041
88,74,53.57237583
88,75,49.27795076
88,76,45.129075
88,77,44.08360767
88,78,39.91747697
88,79,35.58910092
88,84,45.78441181
88,83,36.07325063
88,82,27.17286566
88,81,25.20968204
88,80,23.85965381
88,89,10.50302284
88,87,10
88,86,19.99308378
88,85,34.98243657
88,93,39.48627115
88,92,29.59213764
88,91,29.93484424
88,90,21.10750092
88,98,52.30605571
88,97,52.72344716
88,96,50.90570127
88,95,48.37997404
88,94,44.57419155
88,102,92.91591209
88,101,84.52272218
88,100,76.4125611
88,99,68.54969706
89,74,63.79515132
89,75,59.38556506
89,76,55.07694022
89,77,54.52941463
89,78,50.28282128
89,79,45.97767593
89,84,52.8776107
89,83,43.70818111
89,82,35.7142148
89,81,34.60137124
89,80,33.90513258
89,88,10.50302284
89,87,17.63197865
89,86,26.57026674
89,85,40.77946404
89,93,31.60168359
89,92,22.87809378
89,91,19.53627545
89,90,11.62339185
89,98,44.63919137
89,97,43.73991663
89,96,40.99400067
89,95,38.21326894
89,94,34.23559096
89,102,87.9225492
89,101,79.00203112
89,100,70.28467311
89,99,61.73951072
90,74,74.64491225
90,75,70.38302644
90,76,66.22445091
90,77,64.89208429
90,78,60.89185888
90,79,56.54180451
90,84,64.40328272
90,83,55.31490518
90,82,47.30916396
90,81,46.01585719
90,80,44.96071702
90,89,11.62339185
90,88,21.10750092
90,87,29.22768173
90,86,38.13728676
90,85,52.08795477
90,93,32.16810395
90,92,26.50132495
90,91,13.98313037
90,98,44.63577049
90,97,41.14848741
90,96,35.92529606
90,95,32.2585309
90,94,27.56633437
90,102,90.57736873
90,101,81.13083199
90,100,71.77161502
90,99,62.45456556
91,74,82.21926093
91,75,77.60269743
91,76,73.03663758
91,77,73.54734992
91,78,69.10464802
91,79,64.87882661
91,84,66.4499384
91,83,58.5248834
91,82,52.15737413
91,81,52.15587902
91,80,52.34274559
91,89,19.53627545
91,88,29.93484424
91,87,34.94533185
91,86,41.59800519
91,85,53.27651327
91,93,19.94473854
91,92,18.09488521
91,90,13.98313037
91,98,31.47970134
91,97,27.21542421
91,96,22.20579267
91,95,18.92254154
91,94,14.7164858
91,102,78.23060916
91,101,68.55211245
91,100,58.93208502
91,99,49.33627361
92,74,74.16146265
92,75,69.2428113
92,76,64.33670253
92,77,67.42094611
92,78,62.5491264
92,79,58.75628537
92,84,52.70558997
92,83,46.36095908
92,82,42.37664851
92,81,44.00759148
92,80,45.85401258
92,89,22.87809378
92,88,29.59213764
92,87,28.97410395
92,86,31.41927941
92,85,39.39955086
92,93,10.4978128
92,91,18.09488521
92,90,26.50132495
92,98,22.80011868
92,97,25.0032276
92,96,26.99831305
92,95,26.69448003
92,94,25.50957636
92,102,65.15353989
92,101,56.13825319
92,100,47.42837881
92,99,39.09964125
93,74,84.37323213
93,75,79.42799694
93,76,74.49007381
93,77,77.85714234
93,78,72.96650121
93,79,69.21104087
93,84,61.38013468
93,83,55.81897177
93,82,52.50992317
93,81,54.35991153
93,80,56.3226169
93,89,31.60168359
93,88,39.48627115
93,87,39.46097761
93,86,41.63248943
93,85,48.26826343
93,92,10.4978128
93,91,19.94473854
93,90,32.16810395
93,98,13.03850236
93,97,14.66041921
93,96,18.55311364
93,95,19.66019165
93,94,20.33639261
93,102,58.50624872
93,101,48.97822978
93,100,39.61751491
93,99,30.47823791
94,74,96.12789623
94,75,91.40904161
94,76,86.72170052
94,77,87.84381963
94,78,83.29769027
94,79,79.13245581
94,84,77.82630337
94,83,70.75200277
94,82,65.31889323
94,81,65.83108714
94,80,66.42713129
94,89,34.23559096
94,88,44.57419155
94,87,48.86415247
94,86,54.44936184
94,85,64.49013066
94,93,20.33639261
94,92,25.50957636
94,91,14.7164858
94,90,27.56633437
94,98,26.27347674
94,97,18.12495828
94,96,9.405180451
94,95,5
94,102,72.65103378
94,101,62.66971443
94,100,52.68699399
94,99,42.68961947
95,74,99.06288603
95,75,94.27765044
95,76,89.51589442
95,77,91.12521234
95,78,86.49245215
95,79,82.39115302
95,84,79.39388327
95,83,72.77216733
95,82,67.86962584
95,81,68.69306785
95,80,69.57923284
95,89,38.21326894
95,88,48.37997404
95,87,51.98839112
95,86,56.90888172
95,85,66.07692556
95,93,19.66019165
95,92,26.69448003
95,91,18.92254154
95,90,32.2585309
95,98,23.088319
95,97,14.06638889
95,96,4.550293383
95,94,5
95,102,68.63266283
95,101,58.63391627
95,100,48.63711405
95,99,38.64587251
96,74,100.494992
96,75,95.65003543
96,76,90.82188685
96,77,92.93928979
96,78,88.22370309
96,79,84.20010818
96,84,79.52173396
96,83,73.35768654
96,82,68.99631831
96,81,70.13036184
96,80,71.31289938
96,89,40.99400067
96,88,50.90570127
96,87,53.77504082
96,86,57.99981492
96,85,66.27681322
96,93,18.55311364
96,92,26.99831305
96,91,22.20579267
96,90,35.92529606
96,98,19.53809639
96,97,9.964609815
96,95,4.550293383
96,94,9.405180451
96,102,64.31311799
96,101,54.31339981
96,100,44.32052724
96,99,34.35063521
97,74,99.03341467
97,75,94.08836557
97,76,89.14944673
97,77,92.42217246
97,78,87.55229779
97,79,83.7499752
97,84,75.42613125
97,83,70.28969851
97,82,67.16957879
97,81,68.9874924
97,80,70.83811375
97,89,43.73991663
97,88,52.72344716
97,87,53.74876817
97,86,56.29002296
97,85,62.49496791
97,93,14.66041921
97,92,25.0032276
97,91,27.21542421
97,90,41.14848741
97,98,10
97,96,9.964609815
97,95,14.06638889
97,94,18.12495828
97,102,54.60066177
97,101,44.60642703
97,100,34.61230893
97,99,24.61315429
98,74,94.53924013
98,75,89.54644661
98,76,84.55450476
98,77,88.88860147
98,78,83.92616936
98,79,80.38565632
98,84,68.77539612
98,83,64.64001231
98,82,62.74740689
98,81,65.18989728
98,80,67.65558187
98,89,44.63919137
98,88,52.30605571
98,87,51.44639357
98,86,52.2387981
98,85,56.31563831
98,93,13.03850236
98,92,22.80011868
98,91,31.47970134
98,90,44.63577049
98,97,10
98,96,19.53809639
98,95,23.088319
98,94,26.27347674
98,102,47.09550922
98,101,37.25955062
98,100,27.49993428
98,99,17.86592468
99,74,105.6859461
99,75,100.7060396
99,76,95.72822791
99,77,101.4699121
99,78,96.47046432
99,79,93.32566471
99,84,76.70997014
99,83,74.63976894
99,82,74.72430552
99,81,77.92722602
99,80,81.07793805
99,89,61.73951072
99,88,68.54969706
99,87,66.22570041
99,86,65.08805864
99,85,65.70440503
99,93,30.47823791
99,92,39.09964125
99,91,49.33627361
99,90,62.45456556
99,98,17.86592468
99,97,24.61315429
99,96,34.35063521
99,95,38.64587251
99,94,42.68961947
99,102,29.98905856
99,101,19.99332971
99,100,10
100,74,109.9956775
100,75,105.0722736
100,76,100.156459
100,77,106.6887143
100,78,101.7131173
100,79,98.84086661
100,84,79.58005427
100,83,78.70824185
100,82,79.91124071
100,81,83.50513346
100,80,87.02123668
100,89,70.28467311
100,88,76.4125611
100,87,73.18234966
100,86,70.94709942
100,85,69.63871675
100,93,39.61751491
100,92,47.42837881
100,91,58.93208502
100,90,71.77161502
100,98,27.49993428
100,97,34.61230893
100,96,44.32052724
100,95,48.63711405
100,94,52.68699399
100,102,19.99606626
100,101,9.996802223
100,99,10
101,74,114.6954537
101,75,109.8576336
101,76,105.0350048
101,77,112.2563289
101,78,107.3338643
101,79,104.7305122
101,84,83.21822161
101,83,83.46261721
101,82,85.66075532
101,81,89.56933933
101,80,93.38259404
101,89,79.00203112
101,88,84.52272218
101,87,80.54259569
101,86,77.38602505
101,85,74.39826493
101,93,48.97822978
101,92,56.13825319
101,91,68.55211245
101,90,81.13083199
101,98,37.25955062
101,97,44.60642703
101,96,54.31339981
101,95,58.63391627
101,94,62.66971443
101,102,10
101,100,9.996802223
101,99,19.99332971
102,74,119.9049106
102,75,115.1737995
102,76,110.4663777
102,77,118.2771313
102,78,113.4287729
102,79,111.0829158
102,84,87.7020333
102,83,88.95327563
102,82,92.01436433
102,81,96.17063514
102,80,100.2209156
102,89,87.9225492
102,88,92.91591209
102,87,88.3227072
102,86,84.40613994
102,85,79.99402154
102,93,58.50624872
102,92,65.15353989
102,91,78.23060916
102,90,90.57736873
102,98,47.09550922
102,97,54.60066177
102,96,64.31311799
102,95,68.63266283
102,94,72.65103378
102,101,10
102,100,19.99606626
102,99,29.98905856
103,111,69.81790363
103,110,60.34051478
103,109,55.48038404
103,108,53.76940803
103,112,78.44823877
103,113,88.41069233
103,114,92.93692124
103,115,97.15880564
103,116,99.42944059
103,117,109.0439937
103,118,118.0984452
103,119,120.6999495
103,124,160.2057321
103,123,156.676144
103,122,153.2284294
103,121,144.7633569
103,120,134.8260026
103,105,14.42698011
103,106,15.69081032
103,104,18.28292377
103,107,43.84472554
104,111,60.22716108
104,110,51.71275908
104,109,46.97638132
104,108,43.88009481
104,112,68.3671587
104,113,78.30788911
104,114,82.52620395
104,115,86.24720689
104,116,90.33896477
104,117,99.81457332
104,118,109.3914593
104,119,113.1671735
104,124,151.848897
104,123,148.7141401
104,122,145.683573
104,121,137.7264295
104,120,128.0043112
104,103,18.28292377
104,105,10
104,106,5
104,107,33.38466168
105,111,56.34441808
105,110,47.1401609
105,109,42.27418339
105,108,40.0626834
105,112,64.85834744
105,113,74.85582494
105,114,79.29721636
105,115,83.37700544
105,116,86.27680968
105,117,95.8671029
105,118,105.1499071
105,119,108.2595653
105,124,147.4778482
105,123,144.1137086
105,122,140.8467475
105,121,132.6018453
105,120,122.747038
105,103,14.42698011
105,106,5
105,104,10
105,107,29.85122512
106,111,58.10337503
106,110,49.22603083
106,109,44.40657036
106,108,41.71619183
106,112,66.4480008
106,113,76.43794877
106,114,80.77320985
106,115,84.67675517
106,116,88.18961516
106,117,97.73292809
106,118,107.1750772
106,119,110.6276246
106,124,149.5957941
106,123,146.3466031
106,122,143.1983061
106,121,135.0959266
106,120,125.3035096
106,103,15.69081032
106,105,5
106,104,5
106,107,31.27004378
107,111,26.87413801
107,110,18.48211728
107,109,13.95960842
107,108,10.49801569
107,112,35.17898764
107,113,45.17184118
107,114,49.53616413
107,115,53.54132992
107,116,56.98899515
107,117,66.50136224
107,118,76.02284944
107,119,79.83302877
107,124,118.4760303
107,123,115.3296068
107,122,112.3177042
107,121,104.4314602
107,120,94.76929171
107,103,43.84472554
107,105,29.85122512
107,106,31.27004378
107,104,33.38466168
108,111,16.38973479
108,110,8.394514413
108,109,5
108,112,24.79944506
108,113,34.79905915
108,114,39.23784337
108,115,43.3909202
108,116,46.49755912
108,117,56.0220285
108,118,65.5256775
108,119,69.38495212
108,124,107.9781399
108,123,104.8363076
108,122,101.8431347
108,121,94.00351108
108,120,84.37951197
108,103,53.76940803
108,105,40.0626834
108,106,41.71619183
108,104,43.88009481
108,107,10.49801569
109,111,14.47292902
109,110,4.871298934
109,108,5
109,112,23.18896186
109,113,33.03784953
109,114,37.6480632
109,115,42.100491
109,116,44.02231778
109,117,53.62558903
109,118,62.87778776
109,119,66.23777513
109,124,105.2386454
109,123,101.9461766
109,122,98.79713236
109,121,90.75985487
109,120,81.02797038
109,103,55.48038404
109,105,42.27418339
109,106,44.40657036
109,104,46.97638132
109,107,13.95960842
110,111,9.783859713
110,109,4.871298934
110,108,8.394514413
110,112,18.48659199
110,113,28.25128739
110,114,32.88960677
110,115,37.41177468
110,116,39.15113924
110,117,48.75431771
110,118,58.01668077
110,119,61.46029315
110,124,100.3916171
110,123,97.12063265
110,122,94.00190317
110,121,86.01542691
110,120,76.31683807
110,103,60.34051478
110,105,47.1401609
110,106,49.22603083
110,104,51.71275908
110,107,18.48211728
111,110,9.783859713
111,109,14.47292902
111,108,16.38973479
111,112,8.718291444
111,113,18.59936739
111,114,23.18133376
111,115,27.64044524
111,116,30.11639748
111,117,39.63229424
111,118,49.16499449
111,119,53.30335999
111,124,91.6232978
111,123,88.53723043
111,122,85.63208303
111,121,77.95944928
111,120,68.46777109
111,103,69.81790363
111,105,56.34441808
111,106,58.10337503
111,104,60.22716108
111,107,26.87413801
112,111,8.718291444
112,110,18.48659199
112,109,23.18896186
112,108,24.79944506
112,113,10
112,114,14.4935435
112,115,18.92560121
112,116,22.21288828
112,117,31.51164152
112,118,41.26891854
112,119,46.10571255
112,124,83.66454007
112,123,80.75249387
112,122,78.05238796
112,121,70.70428539
112,120,61.46471496
112,103,78.44823877
112,105,64.85834744
112,106,66.4480008
112,104,68.3671587
112,107,35.17898764
113,111,18.59936739
113,110,28.25128739
113,109,33.03784953
113,108,34.79905915
113,112,10
113,114,4.720636362
113,115,9.612325515
113,116,12.93198674
113,117,21.78411174
113,118,31.6912608
113,119,37.22390188
113,124,73.92604766
113,123,71.148758
113,122,68.62383703
113,121,61.59477982
113,120,52.65585327
113,103,88.41069233
113,105,74.85582494
113,106,76.43794877
113,104,78.30788911
113,107,45.17184118
114,111,23.18133376
114,110,32.88960677
114,109,37.6480632
114,108,39.23784337
114,112,14.4935435
114,113,4.720636362
114,115,5
114,116,10.58593224
114,117,18.28336832
114,118,28.28325887
114,119,34.54040143
114,124,70.1411601
114,123,67.53881652
114,122,65.21657101
114,121,58.52987075
114,120,49.91135955
114,103,92.93692124
114,105,79.29721636
114,106,80.77320985
114,104,82.52620395
114,107,49.53616413
115,111,27.64044524
115,110,37.41177468
115,109,42.100491
115,108,43.3909202
115,112,18.92560121
115,113,9.612325515
115,114,5
115,116,11.54179608
115,117,16.70837443
115,118,26.4865629
115,119,33.6515368
115,124,67.39536023
115,123,65.06778175
115,122,63.05154926
115,121,56.87778421
115,120,48.74973672
115,103,97.15880564
115,105,83.37700544
115,106,84.67675517
115,104,86.24720689
115,107,53.54132992
116,111,30.11639748
116,110,39.15113924
116,109,44.02231778
116,108,46.49755912
116,112,22.21288828
116,113,12.93198674
116,114,10.58593224
116,115,11.54179608
116,117,9.615166045
116,118,19.08028019
116,119,24.30050672
116,124,61.52798633
116,123,58.54677544
116,122,55.85478248
116,121,48.68233618
116,120,39.73150692
116,103,99.42944059
116,105,86.27680968
116,106,88.18961516
116,104,90.33896477
116,107,56.98899515
117,111,39.63229424
117,110,48.75431771
117,109,53.62558903
117,108,56.0220285
117,112,31.51164152
117,113,21.78411174
117,114,18.28336832
117,115,16.70837443
117,116,9.615166045
117,118,10
117,119,17.03664552
117,124,52.16448361
117,123,49.37038418
